function d = shockdf(p)

poly = [-3.850930046383208
  13.069020641100774
 -15.056664460595540
   7.634530370674091
  -0.871188681930054
   1.210958255287616
   0.000647103974990];

d = p(:,2) - poly(1)*p(:,1).^6 - poly(2)*p(:,1).^5 - poly(3)*p(:,1).^4 - ...
    poly(4)*p(:,1).^3 - poly(5)*p(:,1).^2 - poly(6)*p(:,1) - poly(7);

